116.617694319353
-121.367249190985
138.025803594687
-132.350782387006
-80.1350396259267
78.9718551085615
92.8622186226518
-90.9436883123334
179.632334082383
-178.211613182871
-178.477163100062
83.3205602208758
-66.3463972142361
154.456649748091
-176.447067772732
-69.237291210368
67.8491100312984
97.9775597751231
-94.8146894224678
175.363953969439
-177.255874913486
-178.971905477503
27.0123171340747
-169.923536722069
-136.282925061491
116.730029969772
-75.0425482970418
66.9075228181848
97.377077367514
-116.039282098066
-179.49922263806
-166.084268350623
167.423040811061
117.209136718035
-126.139991416572
140.109272637739
-157.778148241671
-97.7639669489276
96.7305680560514
91.837032492227
-114.777668082717
-179.498839549099
-138.231953856043
158.912796291443
168.363058726953
-173.480394723023
156.442251821114
-157.266818606627
-98.0116614652014
97.6189901124115
102.368116289304
-115.033907037108
-173.911737735234
-167.440553536182
177.913351187091
164.953602944598
-165.341830096654
-138.64679469668
134.269984423992
-82.4711023807041
81.5613986394705
151.024790497106
-146.301036534607
125.229452071741
-130.303281879479
170.815479448885
-31.1688369981313
174.569668280567
-142.484361997865
109.106440957088
-68.4507645732807
89.3929736750102
92.3837333370777
-98.3381643206347
173.422391441915
-175.979210014416
-175.988806914926
177.272150397573
60.4058256617976
-114.412979422568
121.385319093786
-73.1155117422256
72.7599781722645
105.774037360766
-88.4832722149007
175.163900939409
-164.904061293898
177.939747014746
-106.073553157088
179.701419550849
-89.3227171624755
104.149801741262
-64.7426005405651
89.0617390893893
120.522059300772
-110.970707544894
172.095700322882
-157.619115330982
170.63865546979
